camera_matrix:
- [707.0656452310454, 0.0, 333.5977006287564]
- [0.0, 706.2647661911262, 254.01869899256886]
- [0.0, 0.0, 1.0]
dist_coefs:
- [0.16897825804716396, -1.1013192520651793, -0.0004965590892852328, -0.005220156342330784,
  2.435794000252682]
rms: 1.1054954747790937
