sample_test:
  file: test_image.png
  K: [891.91141358, 0.0, 307.91898434, 0.0, 887.70002403, 277.03554773, 0.0, 0.0, 1.0]
  tag_size: 0.065
  height: 480
  width: 640
